104893128 8 13.325959
209786248 8 26.495120
314679368 8 39.827183
419572496 8 55.192079
524465616 8 72.081252
629358744 8 86.374918
734251864 8 107.823249
839144992 8 113.010064
944038112 8 125.910905
1048931232 8 151.963349
1153824360 8 170.713004
1258717488 8 188.932054
1363610608 8 206.972761
1468503728 8 224.476415
1573396848 8 239.614845
1678289984 8 259.236005
1783183104 8 276.843098
1888076224 8 261.340894
1992969344 8 300.073775
2097862472 8 319.278283
2097862472 6 360.901444
2097862472 4 305.750464
2097862472 2 352.690667
2097862472 1 319.108254
2097862472 10 299.809909
2097862472 8 276.702997
2097862472 6 270.641489
2097862472 4 286.242855
2097862472 2 338.197034
2097862472 1 317.697181
2097862472 10 275.245923
2097862472 8 276.890262
2097862472 6 308.615944
2097862472 4 291.384369
2097862472 2 338.038042
2097862472 1 317.607601
2097862472 10 279.001907
